38 1257
39 568
39 1142
37 542
38 487
39 630
38 684
37 629
37 571
38 458
39 685
37 543
38 515
39 485
38 1314
38 1344
39 971
39 428
38 457
39 629
32 1744
88 1342
88 542
88 400
88 597
88 685
88 743
88 1027
32 1482
88 742
38 599
88 399
88 743
39 342
38 686
38 656
37 883
38 657
38 1113
37 1056
39 629
37 541
39 486
38 428
37 429
39 599
37 571
39 570
39 657
37 600
37 372
39 371
88 542
88 515
88 571
37 256
88 343
39 171
88 429
88 428
88 485
38 1743
38 1227
38 800
39 714
39 458
39 656
39 971
37 943
38 714
39 286
38 686
37 285
38 429
38 570
39 515
38 429
38 114
38 542
39 629
37 599
38 716
38 1370
38 2799
32 1943
88 1028
88 686
88 457
88 543
37 286
88 115
39 313
88 315
88 371
88 314
88 315
88 570
88 430
32 1085
88 1372
88 571
38 429
88 285
88 400
88 600
38 314
37 257
88 315
39 171
88 514
88 714
38 373
38 1057
32 1542
38 1343
39 657
39 485
39 86
39 87
39 85
39 85
39 86
37 1200
39 915
37 628
38 514
38 514
32 1029
32 1201
27 1403
